joint_velocities of the sample demo for place_infusion_bottles
obs.joint_velocities [-0.00000000e+00  1.27831736e-05  1.27831736e-05  0.00000000e+00
  0.00000000e+00  2.39684505e-05]
stopped: False
obs.joint_velocities [ 2.55663472e-05  0.00000000e+00  2.55663472e-05 -4.79369010e-05
  4.79369010e-05  7.19053496e-05]
stopped: False
obs.joint_velocities [ 1.27831736e-05  0.00000000e+00  0.00000000e+00 -2.39684505e-05
  2.39684505e-05  0.00000000e+00]
stopped: False
obs.joint_velocities [-2.55663472e-05  2.55663472e-05 -2.55663472e-05  4.79369010e-05
  4.79369010e-05 -4.79369010e-05]
stopped: True
obs.joint_velocities [-3.83495208e-05  2.55663472e-05  0.00000000e+00  4.79369010e-05
 -7.19053496e-05  4.79369010e-05]
stopped: False
obs.joint_velocities [-0.00000000e+00  1.27831736e-05 -1.27831736e-05 -2.39684505e-05
 -4.79369010e-05 -2.39684505e-05]
stopped: False
obs.joint_velocities [ 1.27831736e-05 -1.27831736e-05  0.00000000e+00  0.00000000e+00
  0.00000000e+00  0.00000000e+00]
stopped: False
obs.joint_velocities [-0.00000000e+00  0.00000000e+00  1.27831736e-05  0.00000000e+00
  0.00000000e+00 -2.39684505e-05]
stopped: False
obs.joint_velocities [-3.83495208e-05 -2.55663472e-05 -2.55663472e-05  9.58738019e-05
 -4.79369010e-05  0.00000000e+00]
stopped: True
obs.joint_velocities [-2.55663472e-05 -1.27831736e-05  0.00000000e+00 -4.79369010e-05
 -2.39684505e-05  0.00000000e+00]
stopped: False
obs.joint_velocities [-0.00000000e+00 -1.27831736e-05  0.00000000e+00 -2.39684505e-05
  0.00000000e+00 -2.39684505e-05]
stopped: False
obs.joint_velocities [ 1.27831736e-05  0.00000000e+00  0.00000000e+00 -2.39684505e-05
  0.00000000e+00  0.00000000e+00]
stopped: False
obs.joint_velocities [-0.00000000e+00  1.27831736e-05  1.27831736e-05  0.00000000e+00
 -2.39684505e-05  0.00000000e+00]
stopped: False
obs.joint_velocities [-0.  0.  0.  0.  0.  0.]
stopped: True
obs.joint_velocities [-5.11326944e-05  2.55663472e-05  3.83495208e-05  2.39684505e-05
  0.00000000e+00 -2.39684505e-05]
stopped: False
obs.joint_velocities [1.27831736e-05 0.00000000e+00 0.00000000e+00 0.00000000e+00
 0.00000000e+00 0.00000000e+00]




In extract_obs() of helpers/utils.py

print(obs.gripper_open, obs.gripper_joint_positions, obs.gripper_pose, obs.gripper_touch_forces, obs.joint_forces, obs.joint_positions,obs.joint_velocities,obs.task_low_dim_state)

1.0 [0.04000048 0.04000116] [ 2.78450370e-01 -8.14171694e-03  1.47197521e+00  3.69224324e-07
  9.92663920e-01 -2.89610284e-06  1.20906509e-01] [ 1.77391176e-03 -4.40444041e-04 -2.53617759e-06  1.77698140e-03
  4.40585602e-04  2.03251830e-06] [ 1.99009795e-02  2.35642128e+01 -1.99868344e-02 -1.60250969e+01
 -1.45646349e-01 -4.31820250e+00  3.43176797e-02] [ 2.41996531e-07  1.75183564e-01 -4.73532054e-06 -8.73242080e-01
 -1.06777043e-06  1.22156072e+00  7.85406232e-01] [-9.53674316e-05  3.25202942e-03  1.95503235e-04 -2.82764435e-03
  1.43051147e-05  7.82012939e-04  1.57356262e-04] None



joint_velocities None
joint_positions [-0.1497736   0.08069658 -0.10364291 -1.77873158  0.00848449  1.78686547
  0.74798381]
joint_forces None
gripper_open 0.0
gripper_pose [ 3.00724536e-01 -1.54192775e-01  1.13545716e+00  1.08364686e-01
  9.94110644e-01  1.39801050e-04 -1.02290884e-03]
gripper_matrix [[-9.76511955e-01  2.15453252e-01 -2.00347020e-03  3.00724536e-01]
 [ 2.15452686e-01  9.76514161e-01  4.99649846e-04 -1.54192775e-01]
 [ 2.06406810e-03  5.62610367e-05 -9.99997735e-01  1.13545716e+00]
 [ 0.00000000e+00  0.00000000e+00  0.00000000e+00  1.00000000e+00]]
gripper_touch_forces None
gripper_joint_positions [0.0340514  0.03328577]
joint_velocities None
joint_positions [-0.15091538  0.08660936 -0.10446951 -1.86027861  0.0093521   1.87562799
  0.74474561]
joint_forces None
gripper_open 1.0
gripper_pose [ 3.02042305e-01 -1.53890938e-01  1.10481262e+00 -9.99892652e-01
 -1.43790320e-02 -2.66613881e-03 -9.52053932e-04]
gripper_matrix [[ 0.99957228  0.0287499   0.00535908  0.30204231]
 [ 0.02876005 -0.99958479 -0.00182723 -0.15389094]
 [ 0.00530433  0.00198058 -0.99998415  1.10481262]
 [ 0.          0.          0.          1.        ]]
gripper_touch_forces None
gripper_joint_positions [0.03953582 0.03936732]
joint_velocities None
joint_positions [-1.01564646  0.14373231  0.79842424 -1.92931628 -0.11244308  1.96082354
 -2.56438589]
joint_forces None
gripper_open 0.0
gripper_pose [ 3.24546129e-01  1.01650111e-01  1.16163933e+00  1.08510777e-01
  9.94094074e-01 -4.31621767e-04 -1.44856039e-03]
gripper_matrix [[-9.76446390e-01  2.15738595e-01 -2.97368178e-03  3.24546129e-01]
 [ 2.15741098e-01  9.76450443e-01 -5.43776434e-04  1.01650111e-01]
 [ 2.78633926e-03 -1.17251417e-03 -9.99995232e-01  1.16163933e+00]
 [ 0.00000000e+00  0.00000000e+00  0.00000000e+00  1.00000000e+00]]
gripper_touch_forces None
gripper_joint_positions [0.0340232 0.0333015]
joint_velocities None
joint_positions [ 0.08987284  0.13284707  0.10003212 -1.73303437 -0.01348054  1.79290962
  1.19481909]
joint_forces None
gripper_open 0.0
gripper_pose [ 3.24040204e-01  1.00228384e-01  1.16801524e+00  1.08476676e-01
  9.94097650e-01 -4.73026274e-04 -1.59438734e-03]
gripper_matrix [[-9.76460695e-01  2.15671316e-01 -3.27257789e-03  3.24040204e-01]
 [ 2.15674326e-01  9.76465166e-01 -5.94560988e-04  1.00228384e-01]
 [ 3.06732883e-03 -1.28637627e-03 -9.99994636e-01  1.16801524e+00]
 [ 0.00000000e+00  0.00000000e+00  0.00000000e+00  1.00000000e+00]]
gripper_touch_forces None
gripper_joint_positions [0.03403331 0.0332986 ]
joint_velocities None
joint_positions [ 0.08861709  0.13053918  0.09913924 -1.72018909 -0.0130602   1.77769756
  1.19237912]
joint_forces None
gripper_open 0.0
gripper_pose [ 3.00730973e-01 -1.52909204e-01  1.17032850e+00  1.08567864e-01
  9.94087875e-01  2.17922847e-04 -1.56752416e-03]
gripper_matrix [[-9.76421475e-01  2.15852678e-01 -3.06919473e-03  3.00730973e-01]
 [ 2.15851307e-01  9.76425946e-01  7.73634412e-04 -1.52909204e-01]
 [ 3.16383247e-03  9.29034431e-05 -9.99995351e-01  1.17032850e+00]
 [ 0.00000000e+00  0.00000000e+00  0.00000000e+00  1.00000000e+00]]
gripper_touch_forces None
gripper_joint_positions [0.03406078 0.03327854]
joint_velocities None
joint_positions [-0.1497736   0.08069658 -0.10364291 -1.77873158  0.00848449  1.78686547
  0.74798381]
joint_forces None
gripper_open 0.0
gripper_pose [ 3.00724536e-01 -1.54192775e-01  1.13545716e+00  1.08364686e-01
  9.94110644e-01  1.39801050e-04 -1.02290884e-03]
gripper_matrix [[-9.76511955e-01  2.15453252e-01 -2.00347020e-03  3.00724536e-01]
 [ 2.15452686e-01  9.76514161e-01  4.99649846e-04 -1.54192775e-01]
 [ 2.06406810e-03  5.62610367e-05 -9.99997735e-01  1.13545716e+00]
 [ 0.00000000e+00  0.00000000e+00  0.00000000e+00  1.00000000e+00]]
gripper_touch_forces None
gripper_joint_positions [0.0340514  0.03328577]
joint_velocities None
joint_positions [-0.15091538  0.08660936 -0.10446951 -1.86027861  0.0093521   1.87562799
  0.74474561]
joint_forces None
gripper_open 1.0
gripper_pose [ 3.02042305e-01 -1.53890938e-01  1.10481262e+00 -9.99892652e-01
 -1.43790320e-02 -2.66613881e-03 -9.52053932e-04]
gripper_matrix [[ 0.99957228  0.0287499   0.00535908  0.30204231]
 [ 0.02876005 -0.99958479 -0.00182723 -0.15389094]
 [ 0.00530433  0.00198058 -0.99998415  1.10481262]
 [ 0.          0.          0.          1.        ]]
gripper_touch_forces None
gripper_joint_positions [0.03953582 0.03936732]
joint_velocities None
joint_positions [-1.01564646  0.14373231  0.79842424 -1.92931628 -0.11244308  1.96082354
 -2.56438589]
joint_forces None
gripper_open 0.0
gripper_pose [ 3.16714585e-01  1.81867685e-02  1.16872966e+00  1.08858883e-01
  9.94055152e-01 -4.89402213e-04 -1.99227431e-03]
gripper_matrix [[-9.76291776e-01  2.16421515e-01 -4.06741258e-03  3.16714585e-01]
 [ 2.16425419e-01  9.76298988e-01 -5.39232045e-04  1.81867685e-02]
 [ 3.85430944e-03 -1.40673912e-03 -9.99991775e-01  1.16872966e+00]
 [ 0.00000000e+00  0.00000000e+00  0.00000000e+00  1.00000000e+00]]
gripper_touch_forces None
gripper_joint_positions [0.03405385 0.03328023]
joint_velocities None
joint_positions [ 0.00993133  0.07559299  0.03513125 -1.78839684 -0.00298297  1.79106784
  1.04873741]
joint_forces None
gripper_open 0.0
gripper_pose [ 3.00730973e-01 -1.52909204e-01  1.17032850e+00  1.08567864e-01
  9.94087875e-01  2.17922847e-04 -1.56752416e-03]
gripper_matrix [[-9.76421475e-01  2.15852678e-01 -3.06919473e-03  3.00730973e-01]
 [ 2.15851307e-01  9.76425946e-01  7.73634412e-04 -1.52909204e-01]
 [ 3.16383247e-03  9.29034431e-05 -9.99995351e-01  1.17032850e+00]
 [ 0.00000000e+00  0.00000000e+00  0.00000000e+00  1.00000000e+00]]
gripper_touch_forces None
gripper_joint_positions [0.03406078 0.03327854]
joint_velocities None
joint_positions [-0.1497736   0.08069658 -0.10364291 -1.77873158  0.00848449  1.78686547
  0.74798381]
joint_forces None
gripper_open 0.0
gripper_pose [ 3.00724536e-01 -1.54192775e-01  1.13545716e+00  1.08364686e-01
  9.94110644e-01  1.39801050e-04 -1.02290884e-03]
gripper_matrix [[-9.76511955e-01  2.15453252e-01 -2.00347020e-03  3.00724536e-01]
 [ 2.15452686e-01  9.76514161e-01  4.99649846e-04 -1.54192775e-01]
 [ 2.06406810e-03  5.62610367e-05 -9.99997735e-01  1.13545716e+00]
 [ 0.00000000e+00  0.00000000e+00  0.00000000e+00  1.00000000e+00]]
gripper_touch_forces None
gripper_joint_positions [0.0340514  0.03328577]
joint_velocities None
joint_positions [-0.15091538  0.08660936 -0.10446951 -1.86027861  0.0093521   1.87562799
  0.74474561]
joint_forces None
gripper_open 1.0
gripper_pose [ 3.02042305e-01 -1.53890938e-01  1.10481262e+00 -9.99892652e-01
 -1.43790320e-02 -2.66613881e-03 -9.52053932e-04]
gripper_matrix [[ 0.99957228  0.0287499   0.00535908  0.30204231]
 [ 0.02876005 -0.99958479 -0.00182723 -0.15389094]
 [ 0.00530433  0.00198058 -0.99998415  1.10481262]
 [ 0.          0.          0.          1.        ]]
gripper_touch_forces None
gripper_joint_positions [0.03953582 0.03936732]
joint_velocities None
joint_positions [-1.01564646  0.14373231  0.79842424 -1.92931628 -0.11244308  1.96082354
 -2.56438589]
joint_forces None
gripper_open 0.0
gripper_pose [ 3.00818861e-01 -1.52814984e-01  1.17172682e+00  1.08596712e-01
  9.94085431e-01  1.56883601e-04 -1.02774065e-03]
gripper_matrix [[-9.76411700e-01  2.15909153e-01 -2.00924999e-03  3.00818861e-01]
 [ 2.15908498e-01  9.76413488e-01  5.35129919e-04 -1.52814984e-01]
 [ 2.07739812e-03  8.86928901e-05 -9.99998212e-01  1.17172682e+00]
 [ 0.00000000e+00  0.00000000e+00  0.00000000e+00  1.00000000e+00]]
gripper_touch_forces None
gripper_joint_positions [0.03406743 0.03327217]
joint_velocities None
joint_positions [-0.14972758  0.08014131 -0.10358998 -1.77592659  0.00848497  1.78464985
  0.74804199]
joint_forces None
gripper_open 0.0
gripper_pose [ 3.00730973e-01 -1.52909204e-01  1.17032850e+00  1.08567864e-01
  9.94087875e-01  2.17922847e-04 -1.56752416e-03]
gripper_matrix [[-9.76421475e-01  2.15852678e-01 -3.06919473e-03  3.00730973e-01]
 [ 2.15851307e-01  9.76425946e-01  7.73634412e-04 -1.52909204e-01]
 [ 3.16383247e-03  9.29034431e-05 -9.99995351e-01  1.17032850e+00]
 [ 0.00000000e+00  0.00000000e+00  0.00000000e+00  1.00000000e+00]]
gripper_touch_forces None
gripper_joint_positions [0.03406078 0.03327854]
joint_velocities None
joint_positions [-0.1497736   0.08069658 -0.10364291 -1.77873158  0.00848449  1.78686547
  0.74798381]
joint_forces None
gripper_open 0.0
gripper_pose [ 3.00724536e-01 -1.54192775e-01  1.13545716e+00  1.08364686e-01
  9.94110644e-01  1.39801050e-04 -1.02290884e-03]
gripper_matrix [[-9.76511955e-01  2.15453252e-01 -2.00347020e-03  3.00724536e-01]
 [ 2.15452686e-01  9.76514161e-01  4.99649846e-04 -1.54192775e-01]
 [ 2.06406810e-03  5.62610367e-05 -9.99997735e-01  1.13545716e+00]
 [ 0.00000000e+00  0.00000000e+00  0.00000000e+00  1.00000000e+00]]
gripper_touch_forces None
gripper_joint_positions [0.0340514  0.03328577]
joint_velocities None
joint_positions [-0.15091538  0.08660936 -0.10446951 -1.86027861  0.0093521   1.87562799
  0.74474561]
joint_forces None
gripper_open 1.0
gripper_pose [ 3.02042305e-01 -1.53890938e-01  1.10481262e+00 -9.99892652e-01
 -1.43790320e-02 -2.66613881e-03 -9.52053932e-04]
gripper_matrix [[ 0.99957228  0.0287499   0.00535908  0.30204231]
 [ 0.02876005 -0.99958479 -0.00182723 -0.15389094]
 [ 0.00530433  0.00198058 -0.99998415  1.10481262]
 [ 0.          0.          0.          1.        ]]
gripper_touch_forces None
gripper_joint_positions [0.03953582 0.03936732]
joint_velocities None
joint_positions [-1.01564646  0.14373231  0.79842424 -1.92931628 -0.11244308  1.96082354
 -2.56438589]
joint_forces None
gripper_open 0.0
gripper_pose [ 3.00729632e-01 -1.54190153e-01  1.13487816e+00  1.06897965e-01
  9.94268894e-01  1.54835492e-04 -1.50022667e-03]
gripper_matrix [[-9.77141261e-01  2.12571099e-01 -2.95015424e-03  3.00729632e-01]
 [ 2.12570176e-01  9.77145612e-01  6.28638547e-04 -1.54190153e-01]
 [ 3.01636057e-03 -1.28461106e-05 -9.99995589e-01  1.13487816e+00]
 [ 0.00000000e+00  0.00000000e+00  0.00000000e+00  1.00000000e+00]]
gripper_touch_forces None
gripper_joint_positions [0.03405247 0.03328398]
joint_velocities None
joint_positions [-0.15170789  0.08705306 -0.10362718 -1.86087227  0.00924552  1.87558055
  0.74170887]
joint_forces None
gripper_open 1.0
gripper_pose [ 3.02042305e-01 -1.53890938e-01  1.10481262e+00 -9.99892652e-01
 -1.43790320e-02 -2.66613881e-03 -9.52053932e-04]
gripper_matrix [[ 0.99957228  0.0287499   0.00535908  0.30204231]
 [ 0.02876005 -0.99958479 -0.00182723 -0.15389094]
 [ 0.00530433  0.00198058 -0.99998415  1.10481262]
 [ 0.          0.          0.          1.        ]]
gripper_touch_forces None
gripper_joint_positions [0.03953582 0.03936732]
joint_velocities None
joint_positions [-1.01564646  0.14373231  0.79842424 -1.92931628 -0.11244308  1.96082354
 -2.56438589]
joint_forces None
gripper_open 0.0
gripper_pose [ 3.01553369e-01 -1.54603153e-01  1.12769663e+00 -7.69161582e-02
  9.97025311e-01 -5.82510373e-04 -4.92134877e-03]
gripper_matrix [[-9.88119602e-01 -1.53380454e-01 -9.72380955e-03  3.01553369e-01]
 [-1.53368980e-01  9.88167107e-01 -1.91861764e-03 -1.54603153e-01]
 [ 9.90302768e-03 -4.04492719e-04 -9.99951124e-01  1.12769663e+00]
 [ 0.00000000e+00  0.00000000e+00  0.00000000e+00  1.00000000e+00]]
gripper_touch_forces None
gripper_joint_positions [0.03399852 0.03328677]
joint_velocities None
joint_positions [-0.24808121  0.0938673  -0.00284788 -1.86874318 -0.00432789  1.88497543
  0.37860858]
joint_forces None
gripper_open 1.0
gripper_pose [ 3.02042305e-01 -1.53890938e-01  1.10481262e+00 -9.99892652e-01
 -1.43790320e-02 -2.66613881e-03 -9.52053932e-04]
gripper_matrix [[ 0.99957228  0.0287499   0.00535908  0.30204231]
 [ 0.02876005 -0.99958479 -0.00182723 -0.15389094]
 [ 0.00530433  0.00198058 -0.99998415  1.10481262]
 [ 0.          0.          0.          1.        ]]
gripper_touch_forces None
gripper_joint_positions [0.03953582 0.03936732]
joint_velocities None
joint_positions [-1.01564646  0.14373231  0.79842424 -1.92931628 -0.11244308  1.96082354
 -2.56438589]
joint_forces None
gripper_open 0.0
gripper_pose [ 3.02548736e-01 -1.54507786e-01  1.11961496e+00 -3.10795516e-01
  9.50442553e-01  7.18508672e-04 -8.03491287e-03]
gripper_matrix [[-0.80668318 -0.59077501 -0.01572007  0.30254874]
 [-0.59079814  0.80681127 -0.00362863 -0.15450779]
 [ 0.01482683  0.00636023 -0.99986982  1.11961496]
 [ 0.          0.          0.          1.        ]]
gripper_touch_forces None
gripper_joint_positions [0.03398314 0.0333021 ]
joint_velocities None
joint_positions [-0.36998248  0.10231233  0.12485102 -1.87863469 -0.02146541  1.89684772
 -0.08851945]
joint_forces None
gripper_open 1.0
gripper_pose [ 3.02042305e-01 -1.53890938e-01  1.10481262e+00 -9.99892652e-01
 -1.43790320e-02 -2.66613881e-03 -9.52053932e-04]
gripper_matrix [[ 0.99957228  0.0287499   0.00535908  0.30204231]
 [ 0.02876005 -0.99958479 -0.00182723 -0.15389094]
 [ 0.00530433  0.00198058 -0.99998415  1.10481262]
 [ 0.          0.          0.          1.        ]]
gripper_touch_forces None
gripper_joint_positions [0.03953582 0.03936732]
joint_velocities None
joint_positions [-1.01564646  0.14373231  0.79842424 -1.92931628 -0.11244308  1.96082354
 -2.56438589]
joint_forces None
gripper_open 0.0
gripper_pose [ 0.30247626 -0.15446518  1.1124289  -0.52685839  0.84988791  0.00376828
 -0.0098332 ]
gripper_matrix [[-0.44464731 -0.89546704 -0.02068493  0.30247626]
 [-0.89561522  0.44481212 -0.00395618 -0.15446518]
 [ 0.01274353  0.01676664 -0.99977851  1.1124289 ]
 [ 0.          0.          0.          1.        ]]
gripper_touch_forces None
gripper_joint_positions [0.0338985  0.03339148]
joint_velocities None
joint_positions [-0.4921608   0.11057496  0.25205949 -1.88857794 -0.03865301  1.90711832
 -0.55571139]
joint_forces None
gripper_open 1.0
gripper_pose [ 3.02042305e-01 -1.53890938e-01  1.10481262e+00 -9.99892652e-01
 -1.43790320e-02 -2.66613881e-03 -9.52053932e-04]
gripper_matrix [[ 0.99957228  0.0287499   0.00535908  0.30204231]
 [ 0.02876005 -0.99958479 -0.00182723 -0.15389094]
 [ 0.00530433  0.00198058 -0.99998415  1.10481262]
 [ 0.          0.          0.          1.        ]]
gripper_touch_forces None
gripper_joint_positions [0.03953582 0.03936732]
joint_velocities None
joint_positions [-1.01564646  0.14373231  0.79842424 -1.92931628 -0.11244308  1.96082354
 -2.56438589]
joint_forces None
gripper_open 0.0
gripper_pose [ 0.30242309 -0.15436088  1.10670114 -0.71307886  0.70099652  0.00651391
 -0.00895238]
gripper_matrix [[ 0.01712286 -0.99961495 -0.02184103  0.30242309]
 [-0.99984825 -0.01704776 -0.00363504 -0.15436088]
 [ 0.0032613   0.02189996 -0.99975514  1.10670114]
 [ 0.          0.          0.          1.        ]]
gripper_touch_forces None
gripper_joint_positions [0.03390563 0.0333726 ]
joint_velocities None
joint_positions [-0.61430621  0.11868787  0.37948111 -1.89855385 -0.05588447  1.9187963
 -1.02294958]
joint_forces None
gripper_open 1.0
gripper_pose [ 3.02042305e-01 -1.53890938e-01  1.10481262e+00 -9.99892652e-01
 -1.43790320e-02 -2.66613881e-03 -9.52053932e-04]
gripper_matrix [[ 0.99957228  0.0287499   0.00535908  0.30204231]
 [ 0.02876005 -0.99958479 -0.00182723 -0.15389094]
 [ 0.00530433  0.00198058 -0.99998415  1.10481262]
 [ 0.          0.          0.          1.        ]]
gripper_touch_forces None
gripper_joint_positions [0.03953582 0.03936732]
joint_velocities None
joint_positions [-1.01564646  0.14373231  0.79842424 -1.92931628 -0.11244308  1.96082354
 -2.56438589]
joint_forces None
gripper_open 0.0
gripper_pose [ 0.30220011 -0.15457346  1.10489988 -0.85864961  0.51249719  0.00590799
 -0.00571947]
gripper_matrix [[ 0.47462344 -0.88004345 -0.01600821  0.30220011]
 [-0.88017863 -0.47462821 -0.00376638 -0.15457346]
 [-0.00428336  0.0158777  -0.99986506  1.10489988]
 [ 0.          0.          0.          1.        ]]
gripper_touch_forces None
gripper_joint_positions [0.03387804 0.03340101]
joint_velocities None
joint_positions [-0.73657322  0.12581587  0.50666666 -1.90780163 -0.07313358  1.93274426
 -1.48986304]
joint_forces None
gripper_open 1.0
gripper_pose [ 3.02042305e-01 -1.53890938e-01  1.10481262e+00 -9.99892652e-01
 -1.43790320e-02 -2.66613881e-03 -9.52053932e-04]
gripper_matrix [[ 0.99957228  0.0287499   0.00535908  0.30204231]
 [ 0.02876005 -0.99958479 -0.00182723 -0.15389094]
 [ 0.00530433  0.00198058 -0.99998415  1.10481262]
 [ 0.          0.          0.          1.        ]]
gripper_touch_forces None
gripper_joint_positions [0.03953582 0.03936732]
joint_velocities None
joint_positions [-1.01564646  0.14373231  0.79842424 -1.92931628 -0.11244308  1.96082354
 -2.56438589]
joint_forces None
gripper_open 0.0
gripper_pose [ 0.30206317 -0.1546748   1.10473013 -0.95559239  0.29466006  0.0033257
 -0.00276084]
gripper_matrix [[ 0.82632875 -0.56313145 -0.00798304  0.30206317]
 [-0.56316817 -0.82633579 -0.00331658 -0.1546748 ]
 [-0.004729    0.00723638 -0.99996269  1.10473013]
 [ 0.          0.          0.          1.        ]]
gripper_touch_forces None
gripper_joint_positions [0.03382632 0.03340763]
joint_velocities None
joint_positions [-0.85872293  0.13331461  0.63403201 -1.91661978 -0.09031045  1.94491601
 -1.95687091]
joint_forces None
gripper_open 1.0
gripper_pose [ 3.02042305e-01 -1.53890938e-01  1.10481262e+00 -9.99892652e-01
 -1.43790320e-02 -2.66613881e-03 -9.52053932e-04]
gripper_matrix [[ 0.99957228  0.0287499   0.00535908  0.30204231]
 [ 0.02876005 -0.99958479 -0.00182723 -0.15389094]
 [ 0.00530433  0.00198058 -0.99998415  1.10481262]
 [ 0.          0.          0.          1.        ]]
gripper_touch_forces None
gripper_joint_positions [0.03953582 0.03936732]
joint_velocities None
joint_positions [-1.01564646  0.14373231  0.79842424 -1.92931628 -0.11244308  1.96082354
 -2.56438589]
joint_forces None
gripper_open 0.0
gripper_pose [ 3.01572055e-01 -1.54229328e-01  1.10481954e+00 -9.98227477e-01
  5.94964549e-02 -9.14707955e-04 -1.13790715e-03]
gripper_matrix [[ 0.99291867 -0.11878407  0.00169077  0.30157205]
 [-0.11877991 -0.9929179  -0.00238062 -0.15422933]
 [ 0.00196158  0.00216294 -0.99999583  1.10481954]
 [ 0.          0.          0.          1.        ]]
gripper_touch_forces None
gripper_joint_positions [0.03381792 0.03338036]
joint_velocities None
joint_positions [-0.98072982  0.14103293  0.76177216 -1.92635918 -0.1074742   1.95710802
 -2.42396927]
joint_forces None
gripper_open 1.0
gripper_pose [ 3.02042305e-01 -1.53890938e-01  1.10481262e+00 -9.99892652e-01
 -1.43790320e-02 -2.66613881e-03 -9.52053932e-04]
gripper_matrix [[ 0.99957228  0.0287499   0.00535908  0.30204231]
 [ 0.02876005 -0.99958479 -0.00182723 -0.15389094]
 [ 0.00530433  0.00198058 -0.99998415  1.10481262]
 [ 0.          0.          0.          1.        ]]
gripper_touch_forces None
gripper_joint_positions [0.03953582 0.03936732]
joint_velocities None
joint_positions [-1.01564646  0.14373231  0.79842424 -1.92931628 -0.11244308  1.96082354
 -2.56438589]
joint_forces None
gripper_open 1.0
gripper_pose [ 3.00874561e-01 -1.54307306e-01  1.11396706e+00 -9.99953806e-01
  9.60264076e-03  1.65522521e-04 -5.17667213e-04]
gripper_matrix [[ 9.99815524e-01 -1.92042235e-02 -3.40971717e-04  3.00874561e-01]
 [-1.92045663e-02 -9.99815226e-01 -1.03210763e-03 -1.54307306e-01]
 [-3.21087806e-04  1.03846553e-03 -9.99999642e-01  1.11396706e+00]
 [ 0.00000000e+00  0.00000000e+00  0.00000000e+00  1.00000000e+00]]
gripper_touch_forces None
gripper_joint_positions [0.03947496 0.03924367]
joint_velocities None
joint_positions [-1.01421428  0.13374829  0.79611468 -1.90283537 -0.10277569  1.92579746
 -2.52222157]
joint_forces None
